date,covid_unscaled,covid_monthly,isPartial,scale,covid
2020-01-01,100,,,,
2020-01-02,0,,,,
2020-01-03,0,,,,
2020-01-04,0,,,,
2020-01-05,0,0.0,False,0.0,0.0
2020-01-06,0,0.0,,0.0,0.0
2020-01-07,0,0.0,,0.0,0.0
2020-01-08,0,0.0,,0.0,0.0
2020-01-09,0,0.0,,0.0,0.0
2020-01-10,0,0.0,,0.0,0.0
2020-01-11,0,0.0,,0.0,0.0
2020-01-12,0,0.0,False,0.0,0.0
2020-01-13,40,0.0,,0.0,0.0
2020-01-14,0,0.0,,0.0,0.0
2020-01-15,67,0.0,,0.0,0.0
2020-01-16,40,0.0,,0.0,0.0
2020-01-17,0,0.0,,0.0,0.0
2020-01-18,0,0.0,,0.0,0.0
2020-01-19,0,0.0,False,0.0,0.0
2020-01-20,0,0.0,,0.0,0.0
2020-01-21,38,0.0,,0.0,0.0
2020-01-22,0,0.0,,0.0,0.0
2020-01-23,0,0.0,,0.0,0.0
2020-01-24,0,0.0,,0.0,0.0
2020-01-25,0,0.0,,0.0,0.0
2020-01-26,0,0.0,False,0.0,0.0
2020-01-27,64,0.0,,0.0,0.0
2020-01-28,0,0.0,,0.0,0.0
2020-01-29,0,0.0,,0.0,0.0
2020-01-30,0,0.0,,0.0,0.0
2020-01-31,0,0.0,,0.0,0.0
2020-02-01,0,0.0,,0.0,0.0
2020-02-02,0,0.0,False,0.0,0.0
2020-02-03,0,0.0,,0.0,0.0
2020-02-04,0,0.0,,0.0,0.0
2020-02-05,0,0.0,,0.0,0.0
2020-02-06,0,0.0,,0.0,0.0
2020-02-07,0,0.0,,0.0,0.0
2020-02-08,0,0.0,,0.0,0.0
2020-02-09,0,0.0,False,0.0,0.0
2020-02-10,0,0.0,,0.0,0.0
2020-02-11,2,0.0,,0.0,0.0
2020-02-12,7,0.0,,0.0,0.0
2020-02-13,11,0.0,,0.0,0.0
2020-02-14,6,0.0,,0.0,0.0
2020-02-15,7,0.0,,0.0,0.0
2020-02-16,9,0.0,False,0.0,0.0
2020-02-17,7,0.0,,0.0,0.0
2020-02-18,5,0.0,,0.0,0.0
2020-02-19,7,0.0,,0.0,0.0
2020-02-20,7,0.0,,0.0,0.0
2020-02-21,7,0.0,,0.0,0.0
2020-02-22,18,0.0,,0.0,0.0
2020-02-23,32,2.0,False,0.02,0.64
2020-02-24,41,2.0,,0.02,0.8200000000000001
2020-02-25,52,2.0,,0.02,1.04
2020-02-26,67,2.0,,0.02,1.34
2020-02-27,68,2.0,,0.02,1.36
2020-02-28,100,2.0,,0.02,2.0
2020-02-29,96,2.0,,0.02,1.92
2020-07-01,54,2.0,,0.02,1.08
2020-07-02,48,2.0,,0.02,0.96
2020-07-03,47,2.0,,0.02,0.9400000000000001
2020-07-04,45,2.0,,0.02,0.9
2020-07-05,49,15.0,False,0.15,7.35
2020-07-06,52,15.0,,0.15,7.8
2020-07-07,59,15.0,,0.15,8.85
2020-07-08,62,15.0,,0.15,9.299999999999999
2020-07-09,65,15.0,,0.15,9.75
2020-07-10,54,15.0,,0.15,8.1
2020-07-11,51,15.0,,0.15,7.6499999999999995
2020-07-12,58,21.0,False,0.21,12.18
2020-07-13,71,21.0,,0.21,14.91
2020-07-14,57,21.0,,0.21,11.969999999999999
2020-07-15,69,21.0,,0.21,14.49
2020-07-16,81,21.0,,0.21,17.009999999999998
2020-07-17,100,21.0,,0.21,21.0
2020-07-18,80,21.0,,0.21,16.8
2020-07-19,68,22.0,False,0.22,14.96
2020-07-20,95,22.0,,0.22,20.9
2020-07-21,78,22.0,,0.22,17.16
2020-07-22,70,22.0,,0.22,15.4
2020-07-23,76,22.0,,0.22,16.72
2020-07-24,88,22.0,,0.22,19.36
2020-07-25,76,22.0,,0.22,16.72
2020-07-26,76,20.0,False,0.2,15.200000000000001
2020-07-27,95,20.0,,0.2,19.0
2020-07-28,80,20.0,,0.2,16.0
2020-07-29,79,20.0,,0.2,15.8
2020-07-30,74,20.0,,0.2,14.8
2020-07-31,69,20.0,,0.2,13.8
2020-08-01,45,20.0,,0.2,9.0
2020-08-02,49,18.0,False,0.18,8.82
2020-08-03,56,18.0,,0.18,10.08
2020-08-04,50,18.0,,0.18,9.0
2020-08-05,49,18.0,,0.18,8.82
2020-08-06,47,18.0,,0.18,8.459999999999999
2020-08-07,50,18.0,,0.18,9.0
2020-08-08,44,18.0,,0.18,7.92
2020-08-09,46,21.0,False,0.21,9.66
2020-08-10,46,21.0,,0.21,9.66
2020-08-11,53,21.0,,0.21,11.129999999999999
2020-08-12,48,21.0,,0.21,10.08
2020-08-13,52,21.0,,0.21,10.92
2020-08-14,63,21.0,,0.21,13.229999999999999
2020-08-15,63,21.0,,0.21,13.229999999999999
2020-08-16,58,25.0,False,0.25,14.5
2020-08-17,66,25.0,,0.25,16.5
2020-08-18,62,25.0,,0.25,15.5
2020-08-19,63,25.0,,0.25,15.75
2020-08-20,68,25.0,,0.25,17.0
2020-08-21,62,25.0,,0.25,15.5
2020-08-22,54,25.0,,0.25,13.5
2020-08-23,51,24.0,False,0.24,12.24
2020-08-24,68,24.0,,0.24,16.32
2020-08-25,66,24.0,,0.24,15.84
2020-08-26,69,24.0,,0.24,16.56
2020-08-27,100,24.0,,0.24,24.0
2020-08-28,77,24.0,,0.24,18.48
2020-08-29,64,24.0,,0.24,15.36
2020-08-30,59,28.0,False,0.28,16.520000000000003
2020-08-31,73,28.0,,0.28,20.44
2020-09-01,55,28.0,,0.28,15.400000000000002
2020-09-02,50,28.0,,0.28,14.000000000000002
2020-09-03,51,28.0,,0.28,14.280000000000001
2020-09-04,59,28.0,,0.28,16.520000000000003
2020-09-05,45,28.0,,0.28,12.600000000000001
2020-09-06,51,35.0,False,0.35,17.849999999999998
2020-09-07,61,35.0,,0.35,21.349999999999998
2020-09-08,66,35.0,,0.35,23.099999999999998
2020-09-09,67,35.0,,0.35,23.45
2020-09-10,76,35.0,,0.35,26.599999999999998
2020-09-11,98,35.0,,0.35,34.3
2020-09-12,56,35.0,,0.35,19.599999999999998
2020-09-13,55,36.0,False,0.36,19.8
2020-09-14,80,36.0,,0.36,28.799999999999997
2020-09-15,65,36.0,,0.36,23.4
2020-09-16,61,36.0,,0.36,21.96
2020-09-17,65,36.0,,0.36,23.4
2020-09-18,61,36.0,,0.36,21.96
2020-09-19,51,36.0,,0.36,18.36
2020-09-20,41,36.0,False,0.36,14.76
2020-09-21,64,36.0,,0.36,23.04
2020-09-22,54,36.0,,0.36,19.439999999999998
2020-09-23,88,36.0,,0.36,31.68
2020-09-24,100,36.0,,0.36,36.0
2020-09-25,70,36.0,,0.36,25.2
2020-09-26,49,36.0,,0.36,17.64
2020-09-27,49,28.0,False,0.28,13.72
2020-09-28,58,28.0,,0.28,16.240000000000002
2020-09-29,52,28.0,,0.28,14.560000000000002
2020-09-30,49,28.0,,0.28,13.72
2020-10-01,19,28.0,,0.28,5.32
2020-10-02,17,28.0,,0.28,4.760000000000001
2020-10-03,13,28.0,,0.28,3.6400000000000006
2020-10-04,19,30.0,False,0.3,5.7
2020-10-05,24,30.0,,0.3,7.199999999999999
2020-10-06,17,30.0,,0.3,5.1
2020-10-07,17,30.0,,0.3,5.1
2020-10-08,24,30.0,,0.3,7.199999999999999
2020-10-09,20,30.0,,0.3,6.0
2020-10-10,18,30.0,,0.3,5.3999999999999995
2020-10-11,17,38.0,False,0.38,6.46
2020-10-12,24,38.0,,0.38,9.120000000000001
2020-10-13,25,38.0,,0.38,9.5
2020-10-14,32,38.0,,0.38,12.16
2020-10-15,29,38.0,,0.38,11.02
2020-10-16,31,38.0,,0.38,11.78
2020-10-17,22,38.0,,0.38,8.36
2020-10-18,24,44.0,False,0.44,10.56
2020-10-19,25,44.0,,0.44,11.0
2020-10-20,25,44.0,,0.44,11.0
2020-10-21,27,44.0,,0.44,11.88
2020-10-22,46,44.0,,0.44,20.24
2020-10-23,39,44.0,,0.44,17.16
2020-10-24,30,44.0,,0.44,13.2
2020-10-25,30,100.0,False,1.0,30.0
2020-10-26,36,100.0,,1.0,36.0
2020-10-27,45,100.0,,1.0,45.0
2020-10-28,54,100.0,,1.0,54.0
2020-10-29,97,100.0,,1.0,97.0
2020-10-30,100,100.0,,1.0,100.0
2020-10-31,67,100.0,,1.0,67.0
2020-11-01,85,79.0,False,0.79,67.15
2020-11-02,100,79.0,,0.79,79.0
2020-11-03,75,79.0,,0.79,59.25
2020-11-04,74,79.0,,0.79,58.46
2020-11-05,75,79.0,,0.79,59.25
2020-11-06,74,79.0,,0.79,58.46
2020-11-07,72,79.0,,0.79,56.88
2020-11-08,64,65.0,False,0.65,41.6
2020-11-09,66,65.0,,0.65,42.9
2020-11-10,67,65.0,,0.65,43.550000000000004
2020-11-11,63,65.0,,0.65,40.95
2020-11-12,72,65.0,,0.65,46.800000000000004
2020-11-13,61,65.0,,0.65,39.65
2020-11-14,70,65.0,,0.65,45.5
2020-11-15,52,54.0,False,0.54,28.080000000000002
2020-11-16,55,54.0,,0.54,29.700000000000003
2020-11-17,57,54.0,,0.54,30.78
2020-11-18,56,54.0,,0.54,30.240000000000002
2020-11-19,47,54.0,,0.54,25.380000000000003
2020-11-20,47,54.0,,0.54,25.380000000000003
2020-11-21,61,54.0,,0.54,32.940000000000005
2020-11-22,44,56.0,False,0.56,24.64
2020-11-23,48,56.0,,0.56,26.880000000000003
2020-11-24,51,56.0,,0.56,28.560000000000002
2020-11-25,48,56.0,,0.56,26.880000000000003
2020-11-26,46,56.0,,0.56,25.76
2020-11-27,53,56.0,,0.56,29.680000000000003
2020-11-28,73,56.0,,0.56,40.88
2020-11-29,60,53.0,False,0.53,31.8
2020-11-30,51,53.0,,0.53,27.03
2020-12-01,93,53.0,,0.53,49.29
2020-12-02,96,53.0,,0.53,50.88
2020-12-03,86,53.0,,0.53,45.580000000000005
2020-12-04,89,53.0,,0.53,47.17
2020-12-05,95,53.0,,0.53,50.35
2020-12-06,89,46.0,False,0.46,40.940000000000005
2020-12-07,85,46.0,,0.46,39.1
2020-12-08,89,46.0,,0.46,40.940000000000005
2020-12-09,91,46.0,,0.46,41.86
2020-12-10,99,46.0,,0.46,45.54
2020-12-11,92,46.0,,0.46,42.32
2020-12-12,100,46.0,,0.46,46.0
2020-12-13,90,38.0,False,0.38,34.2
2020-12-14,83,38.0,,0.38,31.54
2020-12-15,67,38.0,,0.38,25.46
2020-12-16,58,38.0,,0.38,22.04
2020-12-17,78,38.0,,0.38,29.64
2020-12-18,70,38.0,,0.38,26.6
2020-12-19,68,38.0,,0.38,25.84
2020-12-20,72,32.0,False,0.32,23.04
2020-12-21,69,32.0,,0.32,22.080000000000002
2020-12-22,72,32.0,,0.32,23.04
2020-12-23,57,32.0,,0.32,18.240000000000002
2020-12-24,50,32.0,,0.32,16.0
2020-12-25,61,32.0,,0.32,19.52
2020-12-26,57,32.0,,0.32,18.240000000000002
2020-12-27,57,32.0,False,0.32,18.240000000000002
2020-12-28,63,32.0,,0.32,20.16
2020-12-29,77,32.0,,0.32,24.64
2020-12-30,67,32.0,,0.32,21.44
2020-12-31,51,32.0,,0.32,16.32
2021-01-01,44,32.0,,0.32,14.08
2021-01-02,44,32.0,,0.32,14.08
2021-01-03,49,35.0,False,0.35,17.15
2021-01-04,53,35.0,,0.35,18.549999999999997
2021-01-05,56,35.0,,0.35,19.599999999999998
2021-01-06,56,35.0,,0.35,19.599999999999998
2021-01-07,68,35.0,,0.35,23.799999999999997
2021-01-08,56,35.0,,0.35,19.599999999999998
2021-01-09,51,35.0,,0.35,17.849999999999998
2021-01-10,56,47.0,False,0.47,26.32
2021-01-11,58,47.0,,0.47,27.259999999999998
2021-01-12,70,47.0,,0.47,32.9
2021-01-13,69,47.0,,0.47,32.43
2021-01-14,100,47.0,,0.47,47.0
2021-01-15,84,47.0,,0.47,39.48
2021-01-16,60,47.0,,0.47,28.2
2021-01-17,57,47.0,False,0.47,26.79
2021-01-18,77,47.0,,0.47,36.19
2021-01-19,69,47.0,,0.47,32.43
2021-01-20,63,47.0,,0.47,29.61
2021-01-21,64,47.0,,0.47,30.08
2021-01-22,66,47.0,,0.47,31.02
2021-01-23,56,47.0,,0.47,26.32
2021-01-24,61,48.0,False,0.48,29.279999999999998
2021-01-25,68,48.0,,0.48,32.64
2021-01-26,64,48.0,,0.48,30.72
2021-01-27,61,48.0,,0.48,29.279999999999998
2021-01-28,73,48.0,,0.48,35.04
2021-01-29,71,48.0,,0.48,34.08
2021-01-30,68,48.0,,0.48,32.64
2021-01-31,57,40.0,False,0.4,22.8
2021-02-01,90,40.0,,0.4,36.0
2021-02-02,90,40.0,,0.4,36.0
2021-02-03,84,40.0,,0.4,33.6
2021-02-04,86,40.0,,0.4,34.4
2021-02-05,82,40.0,,0.4,32.800000000000004
2021-02-06,66,40.0,,0.4,26.400000000000002
2021-02-07,64,34.0,False,0.34,21.76
2021-02-08,83,34.0,,0.34,28.220000000000002
2021-02-09,79,34.0,,0.34,26.860000000000003
2021-02-10,71,34.0,,0.34,24.14
2021-02-11,71,34.0,,0.34,24.14
2021-02-12,65,34.0,,0.34,22.1
2021-02-13,64,34.0,,0.34,21.76
2021-02-14,60,33.0,False,0.33,19.8
2021-02-15,77,33.0,,0.33,25.41
2021-02-16,68,33.0,,0.33,22.44
2021-02-17,69,33.0,,0.33,22.77
2021-02-18,71,33.0,,0.33,23.43
2021-02-19,75,33.0,,0.33,24.75
2021-02-20,67,33.0,,0.33,22.11
2021-02-21,72,38.0,False,0.38,27.36
2021-02-22,87,38.0,,0.38,33.06
2021-02-23,79,38.0,,0.38,30.02
2021-02-24,84,38.0,,0.38,31.92
2021-02-25,100,38.0,,0.38,38.0
2021-02-26,78,38.0,,0.38,29.64
2021-02-27,69,38.0,,0.38,26.22
2021-02-28,74,35.0,False,0.35,25.9
2021-03-01,45,35.0,,0.35,15.749999999999998
2021-03-02,45,35.0,,0.35,15.749999999999998
2021-03-03,45,35.0,,0.35,15.749999999999998
2021-03-04,51,35.0,,0.35,17.849999999999998
2021-03-05,48,35.0,,0.35,16.799999999999997
2021-03-06,47,35.0,,0.35,16.45
2021-03-07,40,36.0,False,0.36,14.399999999999999
2021-03-08,44,36.0,,0.36,15.84
2021-03-09,52,36.0,,0.36,18.72
2021-03-10,41,36.0,,0.36,14.76
2021-03-11,44,36.0,,0.36,15.84
2021-03-12,46,36.0,,0.36,16.56
2021-03-13,42,36.0,,0.36,15.12
2021-03-14,43,44.0,False,0.44,18.92
2021-03-15,49,44.0,,0.44,21.56
2021-03-16,45,44.0,,0.44,19.8
2021-03-17,54,44.0,,0.44,23.76
2021-03-18,73,44.0,,0.44,32.12
2021-03-19,62,44.0,,0.44,27.28
2021-03-20,75,44.0,,0.44,33.0
2021-03-21,50,54.0,False,0.54,27.0
2021-03-22,58,54.0,,0.54,31.32
2021-03-23,62,54.0,,0.54,33.480000000000004
2021-03-24,68,54.0,,0.54,36.72
2021-03-25,76,54.0,,0.54,41.040000000000006
2021-03-26,67,54.0,,0.54,36.18
2021-03-27,66,54.0,,0.54,35.64
2021-03-28,65,68.0,False,0.68,44.2
2021-03-29,90,68.0,,0.68,61.2
2021-03-30,80,68.0,,0.68,54.400000000000006
2021-03-31,100,68.0,,0.68,68.0
2021-04-01,100,68.0,,0.68,68.0
2021-04-02,76,68.0,,0.68,51.68000000000001
2021-04-03,60,68.0,,0.68,40.800000000000004
2021-04-04,71,55.0,False,0.55,39.050000000000004
2021-04-05,71,55.0,,0.55,39.050000000000004
2021-04-06,73,55.0,,0.55,40.150000000000006
2021-04-07,74,55.0,,0.55,40.7
2021-04-08,64,55.0,,0.55,35.2
2021-04-09,59,55.0,,0.55,32.45
2021-04-10,59,55.0,,0.55,32.45
2021-04-11,65,55.0,False,0.55,35.75
2021-04-12,75,55.0,,0.55,41.25
2021-04-13,66,55.0,,0.55,36.300000000000004
2021-04-14,68,55.0,,0.55,37.400000000000006
2021-04-15,66,55.0,,0.55,36.300000000000004
2021-04-16,70,55.0,,0.55,38.5
2021-04-17,58,55.0,,0.55,31.900000000000002
2021-04-18,48,45.0,False,0.45,21.6
2021-04-19,64,45.0,,0.45,28.8
2021-04-20,61,45.0,,0.45,27.45
2021-04-21,59,45.0,,0.45,26.55
2021-04-22,59,45.0,,0.45,26.55
2021-04-23,53,45.0,,0.45,23.85
2021-04-24,50,45.0,,0.45,22.5
2021-04-25,46,41.0,False,0.41,18.86
2021-04-26,51,41.0,,0.41,20.91
2021-04-27,55,41.0,,0.41,22.549999999999997
2021-04-28,52,41.0,,0.41,21.32
2021-04-29,55,41.0,,0.41,22.549999999999997
2021-04-30,60,41.0,,0.41,24.599999999999998
2021-05-01,73,41.0,,0.41,29.93
2021-05-02,69,38.0,False,0.38,26.22
2021-05-03,75,38.0,,0.38,28.5
2021-05-04,65,38.0,,0.38,24.7
2021-05-05,67,38.0,,0.38,25.46
2021-05-06,71,38.0,,0.38,26.98
2021-05-07,77,38.0,,0.38,29.26
2021-05-08,60,38.0,,0.38,22.8
2021-05-09,54,40.0,False,0.4,21.6
2021-05-10,73,40.0,,0.4,29.200000000000003
2021-05-11,86,40.0,,0.4,34.4
2021-05-12,82,40.0,,0.4,32.800000000000004
2021-05-13,70,40.0,,0.4,28.0
2021-05-14,70,40.0,,0.4,28.0
2021-05-15,60,40.0,,0.4,24.0
2021-05-16,65,34.0,False,0.34,22.1
2021-05-17,73,34.0,,0.34,24.82
2021-05-18,69,34.0,,0.34,23.46
2021-05-19,64,34.0,,0.34,21.76
2021-05-20,64,34.0,,0.34,21.76
2021-05-21,63,34.0,,0.34,21.42
2021-05-22,53,34.0,,0.34,18.02
2021-05-23,47,30.0,False,0.3,14.1
2021-05-24,52,30.0,,0.3,15.6
2021-05-25,55,30.0,,0.3,16.5
2021-05-26,58,30.0,,0.3,17.4
2021-05-27,60,30.0,,0.3,18.0
2021-05-28,55,30.0,,0.3,16.5
2021-05-29,46,30.0,,0.3,13.799999999999999
2021-05-30,50,33.0,False,0.33,16.5
2021-05-31,100,33.0,,0.33,33.0
2021-06-01,98,33.0,,0.33,32.34
2021-06-02,94,33.0,,0.33,31.020000000000003
2021-06-03,98,33.0,,0.33,32.34
2021-06-04,92,33.0,,0.33,30.360000000000003
2021-06-05,85,33.0,,0.33,28.05
2021-06-06,79,26.0,False,0.26,20.54
2021-06-07,97,26.0,,0.26,25.220000000000002
2021-06-08,87,26.0,,0.26,22.62
2021-06-09,100,26.0,,0.26,26.0
2021-06-10,89,26.0,,0.26,23.14
2021-06-11,76,26.0,,0.26,19.76
2021-06-12,67,26.0,,0.26,17.42
2021-06-13,67,24.0,False,0.24,16.08
2021-06-14,85,24.0,,0.24,20.4
2021-06-15,86,24.0,,0.24,20.64
2021-06-16,84,24.0,,0.24,20.16
2021-06-17,81,24.0,,0.24,19.439999999999998
2021-06-18,70,24.0,,0.24,16.8
2021-06-19,61,24.0,,0.24,14.639999999999999
2021-06-20,60,22.0,False,0.22,13.2
2021-06-21,70,22.0,,0.22,15.4
2021-06-22,69,22.0,,0.22,15.18
2021-06-23,63,22.0,,0.22,13.86
2021-06-24,77,22.0,,0.22,16.94
2021-06-25,72,22.0,,0.22,15.84
2021-06-26,73,22.0,,0.22,16.06
2021-06-27,70,24.0,False,0.24,16.8
2021-06-28,66,24.0,,0.24,15.84
2021-06-29,74,24.0,,0.24,17.759999999999998
2021-06-30,84,24.0,,0.24,20.16
2021-07-01,30,24.0,,0.24,7.199999999999999
2021-07-02,29,24.0,,0.24,6.96
2021-07-03,25,24.0,,0.24,6.0
2021-07-04,31,29.0,False,0.29,8.99
2021-07-05,34,29.0,,0.29,9.86
2021-07-06,30,29.0,,0.29,8.7
2021-07-07,36,29.0,,0.29,10.44
2021-07-08,42,29.0,,0.29,12.18
2021-07-09,39,29.0,,0.29,11.309999999999999
2021-07-10,35,29.0,,0.29,10.149999999999999
2021-07-11,32,64.0,False,0.64,20.48
2021-07-12,83,64.0,,0.64,53.120000000000005
2021-07-13,100,64.0,,0.64,64.0
2021-07-14,69,64.0,,0.64,44.160000000000004
2021-07-15,66,64.0,,0.64,42.24
2021-07-16,59,64.0,,0.64,37.76
2021-07-17,54,64.0,,0.64,34.56
2021-07-18,55,57.0,False,0.57,31.349999999999998
2021-07-19,70,57.0,,0.57,39.9
2021-07-20,66,57.0,,0.57,37.62
2021-07-21,75,57.0,,0.57,42.74999999999999
2021-07-22,63,57.0,,0.57,35.91
2021-07-23,56,57.0,,0.57,31.919999999999998
2021-07-24,48,57.0,,0.57,27.36
2021-07-25,48,43.0,False,0.43,20.64
2021-07-26,58,43.0,,0.43,24.94
2021-07-27,53,43.0,,0.43,22.79
2021-07-28,51,43.0,,0.43,21.93
2021-07-29,50,43.0,,0.43,21.5
2021-07-30,48,43.0,,0.43,20.64
2021-07-31,40,43.0,,0.43,17.2
2021-08-01,52,44.0,False,0.44,22.88
2021-08-02,53,44.0,,0.44,23.32
2021-08-03,57,44.0,,0.44,25.080000000000002
2021-08-04,100,44.0,,0.44,44.0
2021-08-05,56,44.0,,0.44,24.64
2021-08-06,54,44.0,,0.44,23.76
2021-08-07,49,44.0,,0.44,21.56
2021-08-08,50,40.0,False,0.4,20.0
2021-08-09,62,40.0,,0.4,24.8
2021-08-10,59,40.0,,0.4,23.6
2021-08-11,63,40.0,,0.4,25.200000000000003
2021-08-12,57,40.0,,0.4,22.8
2021-08-13,50,40.0,,0.4,20.0
2021-08-14,48,40.0,,0.4,19.200000000000003
2021-08-15,43,30.0,False,0.3,12.9
2021-08-16,46,30.0,,0.3,13.799999999999999
2021-08-17,46,30.0,,0.3,13.799999999999999
2021-08-18,43,30.0,,0.3,12.9
2021-08-19,44,30.0,,0.3,13.2
2021-08-20,42,30.0,,0.3,12.6
2021-08-21,41,30.0,,0.3,12.299999999999999
2021-08-22,42,26.0,False,0.26,10.92
2021-08-23,39,26.0,,0.26,10.14
2021-08-24,37,26.0,,0.26,9.620000000000001
2021-08-25,37,26.0,,0.26,9.620000000000001
2021-08-26,36,26.0,,0.26,9.36
2021-08-27,33,26.0,,0.26,8.58
2021-08-28,31,26.0,,0.26,8.06
2021-08-29,29,21.0,False,0.21,6.09
2021-08-30,34,21.0,,0.21,7.14
2021-08-31,34,21.0,,0.21,7.14
2021-09-01,100,21.0,,0.21,21.0
2021-09-02,99,21.0,,0.21,20.79
2021-09-03,85,21.0,,0.21,17.849999999999998
2021-09-04,85,21.0,,0.21,17.849999999999998
2021-09-05,90,18.0,False,0.18,16.2
2021-09-06,89,18.0,,0.18,16.02
2021-09-07,93,18.0,,0.18,16.74
2021-09-08,82,18.0,,0.18,14.76
2021-09-09,81,18.0,,0.18,14.58
2021-09-10,82,18.0,,0.18,14.76
2021-09-11,70,18.0,,0.18,12.6
2021-09-12,68,17.0,False,0.17,11.56
2021-09-13,87,17.0,,0.17,14.790000000000001
2021-09-14,69,17.0,,0.17,11.73
2021-09-15,70,17.0,,0.17,11.9
2021-09-16,72,17.0,,0.17,12.24
2021-09-17,66,17.0,,0.17,11.22
2021-09-18,65,17.0,,0.17,11.05
2021-09-19,63,15.0,False,0.15,9.45
2021-09-20,69,15.0,,0.15,10.35
2021-09-21,65,15.0,,0.15,9.75
2021-09-22,70,15.0,,0.15,10.5
2021-09-23,64,15.0,,0.15,9.6
2021-09-24,65,15.0,,0.15,9.75
2021-09-25,54,15.0,,0.15,8.1
2021-09-26,54,14.0,False,0.14,7.5600000000000005
2021-09-27,59,14.0,,0.14,8.260000000000002
2021-09-28,64,14.0,,0.14,8.96
2021-09-29,63,14.0,,0.14,8.82
2021-09-30,62,14.0,,0.14,8.680000000000001
2021-10-01,85,14.0,,0.14,11.9
2021-10-02,84,14.0,,0.14,11.760000000000002
2021-10-03,69,13.0,False,0.13,8.97
2021-10-04,92,13.0,,0.13,11.96
2021-10-05,79,13.0,,0.13,10.27
2021-10-06,89,13.0,,0.13,11.57
2021-10-07,97,13.0,,0.13,12.610000000000001
2021-10-08,87,13.0,,0.13,11.31
2021-10-09,91,13.0,,0.13,11.83
2021-10-10,78,13.0,False,0.13,10.14
2021-10-11,83,13.0,,0.13,10.790000000000001
2021-10-12,88,13.0,,0.13,11.440000000000001
2021-10-13,92,13.0,,0.13,11.96
2021-10-14,98,13.0,,0.13,12.74
2021-10-15,89,13.0,,0.13,11.57
2021-10-16,86,13.0,,0.13,11.18
2021-10-17,81,14.0,False,0.14,11.340000000000002
2021-10-18,90,14.0,,0.14,12.600000000000001
2021-10-19,98,14.0,,0.14,13.72
2021-10-20,95,14.0,,0.14,13.3
2021-10-21,92,14.0,,0.14,12.88
2021-10-22,86,14.0,,0.14,12.040000000000001
2021-10-23,85,14.0,,0.14,11.9
2021-10-24,78,14.0,False,0.14,10.920000000000002
2021-10-25,91,14.0,,0.14,12.740000000000002
2021-10-26,97,14.0,,0.14,13.580000000000002
2021-10-27,100,14.0,,0.14,14.000000000000002
2021-10-28,87,14.0,,0.14,12.180000000000001
2021-10-29,89,14.0,,0.14,12.46
2021-10-30,80,14.0,,0.14,11.200000000000001
2021-10-31,69,14.0,False,0.14,9.66
2021-11-01,22,14.0,,0.14,3.08
2021-11-02,22,14.0,,0.14,3.08
2021-11-03,22,14.0,,0.14,3.08
2021-11-04,23,14.0,,0.14,3.22
2021-11-05,27,14.0,,0.14,3.7800000000000002
2021-11-06,27,14.0,,0.14,3.7800000000000002
2021-11-07,23,18.0,False,0.18,4.14
2021-11-08,25,18.0,,0.18,4.5
2021-11-09,32,18.0,,0.18,5.76
2021-11-10,31,18.0,,0.18,5.58
2021-11-11,24,18.0,,0.18,4.32
2021-11-12,27,18.0,,0.18,4.859999999999999
2021-11-13,28,18.0,,0.18,5.04
2021-11-14,27,23.0,False,0.23,6.21
2021-11-15,36,23.0,,0.23,8.280000000000001
2021-11-16,31,23.0,,0.23,7.13
2021-11-17,35,23.0,,0.23,8.05
2021-11-18,37,23.0,,0.23,8.51
2021-11-19,38,23.0,,0.23,8.74
2021-11-20,34,23.0,,0.23,7.82
2021-11-21,32,40.0,False,0.4,12.8
2021-11-22,39,40.0,,0.4,15.600000000000001
2021-11-23,50,40.0,,0.4,20.0
2021-11-24,53,40.0,,0.4,21.200000000000003
2021-11-25,100,40.0,,0.4,40.0
2021-11-26,78,40.0,,0.4,31.200000000000003
2021-11-27,63,40.0,,0.4,25.200000000000003
2021-11-28,57,43.0,False,0.43,24.509999999999998
2021-11-29,63,43.0,,0.43,27.09
2021-11-30,69,43.0,,0.43,29.669999999999998
2021-12-01,57,43.0,,0.43,24.509999999999998
2021-12-02,66,43.0,,0.43,28.38
2021-12-03,60,43.0,,0.43,25.8
2021-12-04,47,43.0,,0.43,20.21
2021-12-05,45,44.0,False,0.44,19.8
2021-12-06,91,44.0,,0.44,40.04
2021-12-07,64,44.0,,0.44,28.16
2021-12-08,53,44.0,,0.44,23.32
2021-12-09,55,44.0,,0.44,24.2
2021-12-10,51,44.0,,0.44,22.44
2021-12-11,45,44.0,,0.44,19.8
2021-12-12,40,44.0,False,0.44,17.6
2021-12-13,51,44.0,,0.44,22.44
2021-12-14,85,44.0,,0.44,37.4
2021-12-15,55,44.0,,0.44,24.2
2021-12-16,54,44.0,,0.44,23.76
2021-12-17,62,44.0,,0.44,27.28
2021-12-18,61,44.0,,0.44,26.84
2021-12-19,56,47.0,False,0.47,26.32
2021-12-20,63,47.0,,0.47,29.61
2021-12-21,64,47.0,,0.47,30.08
2021-12-22,66,47.0,,0.47,31.02
2021-12-23,64,47.0,,0.47,30.08
2021-12-24,61,47.0,,0.47,28.669999999999998
2021-12-25,64,47.0,,0.47,30.08
2021-12-26,64,62.0,False,0.62,39.68
2021-12-27,100,62.0,,0.62,62.0
2021-12-28,87,62.0,,0.62,53.94
2021-12-29,92,62.0,,0.62,57.04
2021-12-30,89,62.0,,0.62,55.18
2021-12-31,74,62.0,,0.62,45.88
2022-01-01,71,62.0,,0.62,44.02
2022-01-02,76,65.0,False,0.65,49.4
2022-01-03,100,65.0,,0.65,65.0
2022-01-04,100,65.0,,0.65,65.0
2022-01-05,83,65.0,,0.65,53.95
2022-01-06,88,65.0,,0.65,57.2
2022-01-07,80,65.0,,0.65,52.0
2022-01-08,74,65.0,,0.65,48.1
2022-01-09,70,53.0,False,0.53,37.1
2022-01-10,86,53.0,,0.53,45.580000000000005
2022-01-11,73,53.0,,0.53,38.690000000000005
2022-01-12,65,53.0,,0.53,34.45
2022-01-13,67,53.0,,0.53,35.510000000000005
2022-01-14,64,53.0,,0.53,33.92
2022-01-15,60,53.0,,0.53,31.8
2022-01-16,58,55.0,False,0.55,31.900000000000002
2022-01-17,69,55.0,,0.55,37.95
2022-01-18,64,55.0,,0.55,35.2
2022-01-19,60,55.0,,0.55,33.0
2022-01-20,93,55.0,,0.55,51.150000000000006
2022-01-21,90,55.0,,0.55,49.50000000000001
2022-01-22,55,55.0,,0.55,30.250000000000004
2022-01-23,55,42.0,False,0.42,23.099999999999998
2022-01-24,65,42.0,,0.42,27.3
2022-01-25,57,42.0,,0.42,23.939999999999998
2022-01-26,51,42.0,,0.42,21.419999999999998
2022-01-27,52,42.0,,0.42,21.84
2022-01-28,51,42.0,,0.42,21.419999999999998
2022-01-29,49,42.0,,0.42,20.58
2022-01-30,46,34.0,False,0.34,15.64
2022-01-31,51,34.0,,0.34,17.34
2022-02-01,100,34.0,,0.34,34.0
2022-02-02,95,34.0,,0.34,32.300000000000004
2022-02-03,89,34.0,,0.34,30.26
2022-02-04,78,34.0,,0.34,26.520000000000003
2022-02-05,66,34.0,,0.34,22.44
2022-02-06,58,23.0,False,0.23,13.34
2022-02-07,71,23.0,,0.23,16.330000000000002
2022-02-08,67,23.0,,0.23,15.41
2022-02-09,67,23.0,,0.23,15.41
2022-02-10,56,23.0,,0.23,12.88
2022-02-11,59,23.0,,0.23,13.57
2022-02-12,50,23.0,,0.23,11.5
2022-02-13,46,19.0,False,0.19,8.74
2022-02-14,50,19.0,,0.19,9.5
2022-02-15,56,19.0,,0.19,10.64
2022-02-16,53,19.0,,0.19,10.07
2022-02-17,53,19.0,,0.19,10.07
2022-02-18,43,19.0,,0.19,8.17
2022-02-19,42,19.0,,0.19,7.98
2022-02-20,41,16.0,False,0.16,6.5600000000000005
2022-02-21,44,16.0,,0.16,7.04
2022-02-22,39,16.0,,0.16,6.24
2022-02-23,42,16.0,,0.16,6.72
2022-02-24,41,16.0,,0.16,6.5600000000000005
2022-02-25,38,16.0,,0.16,6.08
2022-02-26,36,16.0,,0.16,5.76
2022-02-27,38,15.0,False,0.15,5.7
2022-02-28,40,15.0,,0.15,6.0
2022-03-01,64,15.0,,0.15,9.6
2022-03-02,69,15.0,,0.15,10.35
2022-03-03,76,15.0,,0.15,11.4
2022-03-04,59,15.0,,0.15,8.85
2022-03-05,66,15.0,,0.15,9.9
2022-03-06,59,14.0,False,0.14,8.260000000000002
2022-03-07,75,14.0,,0.14,10.500000000000002
2022-03-08,73,14.0,,0.14,10.22
2022-03-09,73,14.0,,0.14,10.22
2022-03-10,76,14.0,,0.14,10.64
2022-03-11,73,14.0,,0.14,10.22
2022-03-12,66,14.0,,0.14,9.24
2022-03-13,73,18.0,False,0.18,13.139999999999999
2022-03-14,99,18.0,,0.18,17.82
2022-03-15,82,18.0,,0.18,14.76
2022-03-16,73,18.0,,0.18,13.139999999999999
2022-03-17,78,18.0,,0.18,14.04
2022-03-18,67,18.0,,0.18,12.059999999999999
2022-03-19,70,18.0,,0.18,12.6
2022-03-20,71,18.0,False,0.18,12.78
2022-03-21,92,18.0,,0.18,16.56
2022-03-22,91,18.0,,0.18,16.38
2022-03-23,95,18.0,,0.18,17.099999999999998
2022-03-24,99,18.0,,0.18,17.82
2022-03-25,86,18.0,,0.18,15.479999999999999
2022-03-26,74,18.0,,0.18,13.32
2022-03-27,82,18.0,False,0.18,14.76
2022-03-28,100,18.0,,0.18,18.0
2022-03-29,94,18.0,,0.18,16.919999999999998
2022-03-30,92,18.0,,0.18,16.56
2022-03-31,89,18.0,,0.18,16.02
2022-04-01,83,18.0,,0.18,14.94
2022-04-02,74,18.0,,0.18,13.32
2022-04-03,72,18.0,False,0.18,12.959999999999999
2022-04-04,100,18.0,,0.18,18.0
2022-04-05,80,18.0,,0.18,14.399999999999999
2022-04-06,89,18.0,,0.18,16.02
2022-04-07,93,18.0,,0.18,16.74
2022-04-08,77,18.0,,0.18,13.86
2022-04-09,78,18.0,,0.18,14.04
2022-04-10,59,15.0,False,0.15,8.85
2022-04-11,81,15.0,,0.15,12.15
2022-04-12,82,15.0,,0.15,12.299999999999999
2022-04-13,84,15.0,,0.15,12.6
2022-04-14,74,15.0,,0.15,11.1
2022-04-15,78,15.0,,0.15,11.7
2022-04-16,65,15.0,,0.15,9.75
2022-04-17,62,14.0,False,0.14,8.680000000000001
2022-04-18,66,14.0,,0.14,9.24
2022-04-19,73,14.0,,0.14,10.22
2022-04-20,70,14.0,,0.14,9.8
2022-04-21,60,14.0,,0.14,8.4
2022-04-22,56,14.0,,0.14,7.840000000000001
2022-04-23,56,14.0,,0.14,7.840000000000001
2022-04-24,49,11.0,False,0.11,5.39
2022-04-25,62,11.0,,0.11,6.82
2022-04-26,55,11.0,,0.11,6.05
2022-04-27,55,11.0,,0.11,6.05
2022-04-28,54,11.0,,0.11,5.94
2022-04-29,49,11.0,,0.11,5.39
2022-04-30,47,11.0,,0.11,5.17
2022-05-01,93,10.0,False,0.1,9.3
2022-05-02,96,10.0,,0.1,9.600000000000001
2022-05-03,98,10.0,,0.1,9.8
2022-05-04,88,10.0,,0.1,8.8
2022-05-05,99,10.0,,0.1,9.9
2022-05-06,87,10.0,,0.1,8.700000000000001
2022-05-07,82,10.0,,0.1,8.200000000000001
2022-05-08,77,9.0,False,0.09,6.93
2022-05-09,100,9.0,,0.09,9.0
2022-05-10,88,9.0,,0.09,7.92
2022-05-11,86,9.0,,0.09,7.739999999999999
2022-05-12,93,9.0,,0.09,8.37
2022-05-13,93,9.0,,0.09,8.37
2022-05-14,69,9.0,,0.09,6.21
2022-05-15,72,8.0,False,0.08,5.76
2022-05-16,94,8.0,,0.08,7.5200000000000005
2022-05-17,81,8.0,,0.08,6.48
2022-05-18,81,8.0,,0.08,6.48
2022-05-19,78,8.0,,0.08,6.24
2022-05-20,77,8.0,,0.08,6.16
2022-05-21,65,8.0,,0.08,5.2
2022-05-22,60,7.0,False,0.07,4.2
2022-05-23,75,7.0,,0.07,5.250000000000001
2022-05-24,69,7.0,,0.07,4.83
2022-05-25,74,7.0,,0.07,5.180000000000001
2022-05-26,52,7.0,,0.07,3.6400000000000006
2022-05-27,65,7.0,,0.07,4.550000000000001
2022-05-28,48,7.0,,0.07,3.3600000000000003
2022-05-29,55,7.0,False,0.07,3.8500000000000005
2022-05-30,68,7.0,,0.07,4.760000000000001
2022-05-31,69,7.0,,0.07,4.83
2022-06-01,37,7.0,,0.07,2.5900000000000003
2022-06-02,36,7.0,,0.07,2.5200000000000005
2022-06-03,34,7.0,,0.07,2.3800000000000003
2022-06-04,37,7.0,,0.07,2.5900000000000003
2022-06-05,29,8.0,False,0.08,2.32
2022-06-06,37,8.0,,0.08,2.96
2022-06-07,42,8.0,,0.08,3.36
2022-06-08,36,8.0,,0.08,2.88
2022-06-09,43,8.0,,0.08,3.44
2022-06-10,45,8.0,,0.08,3.6
2022-06-11,44,8.0,,0.08,3.52
2022-06-12,35,10.0,False,0.1,3.5
2022-06-13,46,10.0,,0.1,4.6000000000000005
2022-06-14,49,10.0,,0.1,4.9
2022-06-15,50,10.0,,0.1,5.0
2022-06-16,52,10.0,,0.1,5.2
2022-06-17,50,10.0,,0.1,5.0
2022-06-18,44,10.0,,0.1,4.4
2022-06-19,42,13.0,False,0.13,5.46
2022-06-20,60,13.0,,0.13,7.800000000000001
2022-06-21,59,13.0,,0.13,7.67
2022-06-22,70,13.0,,0.13,9.1
2022-06-23,70,13.0,,0.13,9.1
2022-06-24,64,13.0,,0.13,8.32
2022-06-25,59,13.0,,0.13,7.67
2022-06-26,67,18.0,False,0.18,12.059999999999999
2022-06-27,92,18.0,,0.18,16.56
2022-06-28,100,18.0,,0.18,18.0
2022-06-29,99,18.0,,0.18,17.82
2022-06-30,94,18.0,,0.18,16.919999999999998
2022-07-01,71,18.0,,0.18,12.78
2022-07-02,72,18.0,,0.18,12.959999999999999
2022-07-03,72,17.0,False,0.17,12.24
2022-07-04,88,17.0,,0.17,14.96
2022-07-05,100,17.0,,0.17,17.0
2022-07-06,100,17.0,,0.17,17.0
2022-07-07,88,17.0,,0.17,14.96
2022-07-08,78,17.0,,0.17,13.260000000000002
2022-07-09,75,17.0,,0.17,12.750000000000002
2022-07-10,79,15.0,False,0.15,11.85
2022-07-11,84,15.0,,0.15,12.6
2022-07-12,72,15.0,,0.15,10.799999999999999
2022-07-13,67,15.0,,0.15,10.049999999999999
2022-07-14,59,15.0,,0.15,8.85
2022-07-15,62,15.0,,0.15,9.299999999999999
2022-07-16,60,15.0,,0.15,9.0
2022-07-17,51,12.0,False,0.12,6.12
2022-07-18,63,12.0,,0.12,7.56
2022-07-19,54,12.0,,0.12,6.4799999999999995
2022-07-20,54,12.0,,0.12,6.4799999999999995
2022-07-21,56,12.0,,0.12,6.72
2022-07-22,52,12.0,,0.12,6.24
2022-07-23,50,12.0,,0.12,6.0
2022-07-24,44,11.0,False,0.11,4.84
2022-07-25,51,11.0,,0.11,5.61
2022-07-26,50,11.0,,0.11,5.5
2022-07-27,44,11.0,,0.11,4.84
2022-07-28,43,11.0,,0.11,4.73
2022-07-29,42,11.0,,0.11,4.62
2022-07-30,34,11.0,,0.11,3.74
2022-07-31,32,8.0,False,0.08,2.56
2022-08-01,100,8.0,,0.08,8.0
2022-08-02,84,8.0,,0.08,6.72
2022-08-03,73,8.0,,0.08,5.84
2022-08-04,74,8.0,,0.08,5.92
2022-08-05,72,8.0,,0.08,5.76
2022-08-06,62,8.0,,0.08,4.96
2022-08-07,59,6.0,False,0.06,3.54
2022-08-08,82,6.0,,0.06,4.92
2022-08-09,64,6.0,,0.06,3.84
2022-08-10,63,6.0,,0.06,3.78
2022-08-11,60,6.0,,0.06,3.5999999999999996
2022-08-12,56,6.0,,0.06,3.36
2022-08-13,49,6.0,,0.06,2.94
2022-08-14,47,5.0,False,0.05,2.35
2022-08-15,52,5.0,,0.05,2.6
2022-08-16,57,5.0,,0.05,2.85
2022-08-17,59,5.0,,0.05,2.95
2022-08-18,55,5.0,,0.05,2.75
2022-08-19,56,5.0,,0.05,2.8000000000000003
2022-08-20,47,5.0,,0.05,2.35
2022-08-21,49,5.0,False,0.05,2.45
2022-08-22,56,5.0,,0.05,2.8000000000000003
2022-08-23,55,5.0,,0.05,2.75
2022-08-24,51,5.0,,0.05,2.5500000000000003
2022-08-25,50,5.0,,0.05,2.5
2022-08-26,50,5.0,,0.05,2.5
2022-08-27,45,5.0,,0.05,2.25
2022-08-28,45,5.0,False,0.05,2.25
2022-08-29,49,5.0,,0.05,2.45
2022-08-30,51,5.0,,0.05,2.5500000000000003
2022-08-31,54,5.0,,0.05,2.7
2022-09-01,53,5.0,,0.05,2.6500000000000004
2022-09-02,53,5.0,,0.05,2.6500000000000004
2022-09-03,47,5.0,,0.05,2.35
2022-09-04,48,5.0,False,0.05,2.4000000000000004
2022-09-05,59,5.0,,0.05,2.95
2022-09-06,52,5.0,,0.05,2.6
2022-09-07,49,5.0,,0.05,2.45
2022-09-08,51,5.0,,0.05,2.5500000000000003
2022-09-09,49,5.0,,0.05,2.45
2022-09-10,47,5.0,,0.05,2.35
2022-09-11,51,6.0,False,0.06,3.06
2022-09-12,76,6.0,,0.06,4.56
2022-09-13,80,6.0,,0.06,4.8
2022-09-14,73,6.0,,0.06,4.38
2022-09-15,75,6.0,,0.06,4.5
2022-09-16,70,6.0,,0.06,4.2
2022-09-17,61,6.0,,0.06,3.6599999999999997
2022-09-18,61,7.0,False,0.07,4.2700000000000005
2022-09-19,87,7.0,,0.07,6.090000000000001
2022-09-20,89,7.0,,0.07,6.23
2022-09-21,86,7.0,,0.07,6.0200000000000005
2022-09-22,77,7.0,,0.07,5.390000000000001
2022-09-23,83,7.0,,0.07,5.8100000000000005
2022-09-24,64,7.0,,0.07,4.48
2022-09-25,75,7.0,False,0.07,5.250000000000001
2022-09-26,100,7.0,,0.07,7.000000000000001
2022-09-27,97,7.0,,0.07,6.790000000000001
2022-09-28,84,7.0,,0.07,5.880000000000001
2022-09-29,92,7.0,,0.07,6.44
2022-09-30,84,7.0,,0.07,5.880000000000001
2022-10-01,61,7.0,,0.07,4.2700000000000005
2022-10-02,66,8.0,False,0.08,5.28
2022-10-03,100,8.0,,0.08,8.0
2022-10-04,90,8.0,,0.08,7.2
2022-10-05,86,8.0,,0.08,6.88
2022-10-06,92,8.0,,0.08,7.36
2022-10-07,83,8.0,,0.08,6.640000000000001
2022-10-08,68,8.0,,0.08,5.44
2022-10-09,64,8.0,False,0.08,5.12
2022-10-10,93,8.0,,0.08,7.44
2022-10-11,91,8.0,,0.08,7.28
2022-10-12,85,8.0,,0.08,6.8
2022-10-13,90,8.0,,0.08,7.2
2022-10-14,83,8.0,,0.08,6.640000000000001
2022-10-15,60,8.0,,0.08,4.8
2022-10-16,66,8.0,False,0.08,5.28
2022-10-17,87,8.0,,0.08,6.96
2022-10-18,84,8.0,,0.08,6.72
2022-10-19,89,8.0,,0.08,7.12
2022-10-20,76,8.0,,0.08,6.08
2022-10-21,69,8.0,,0.08,5.5200000000000005
2022-10-22,58,8.0,,0.08,4.64
2022-10-23,52,6.0,False,0.06,3.12
2022-10-24,71,6.0,,0.06,4.26
2022-10-25,65,6.0,,0.06,3.9
2022-10-26,59,6.0,,0.06,3.54
2022-10-27,59,6.0,,0.06,3.54
2022-10-28,55,6.0,,0.06,3.3
2022-10-29,46,6.0,,0.06,2.76
2022-10-30,42,6.0,False,0.06,2.52
2022-10-31,50,6.0,,0.06,3.0
2022-11-01,46,6.0,,0.06,2.76
2022-11-02,54,6.0,,0.06,3.2399999999999998
2022-11-03,46,6.0,,0.06,2.76
2022-11-04,45,6.0,,0.06,2.6999999999999997
2022-11-05,42,6.0,,0.06,2.52
2022-11-06,39,4.0,False,0.04,1.56
2022-11-07,49,4.0,,0.04,1.96
2022-11-08,48,4.0,,0.04,1.92
2022-11-09,44,4.0,,0.04,1.76
2022-11-10,43,4.0,,0.04,1.72
2022-11-11,38,4.0,,0.04,1.52
2022-11-12,41,4.0,,0.04,1.6400000000000001
2022-11-13,39,6.0,False,0.06,2.34
2022-11-14,55,6.0,,0.06,3.3
2022-11-15,52,6.0,,0.06,3.12
2022-11-16,52,6.0,,0.06,3.12
2022-11-17,50,6.0,,0.06,3.0
2022-11-18,50,6.0,,0.06,3.0
2022-11-19,45,6.0,,0.06,2.6999999999999997
2022-11-20,43,6.0,False,0.06,2.58
2022-11-21,61,6.0,,0.06,3.6599999999999997
2022-11-22,68,6.0,,0.06,4.08
2022-11-23,66,6.0,,0.06,3.96
2022-11-24,62,6.0,,0.06,3.7199999999999998
2022-11-25,59,6.0,,0.06,3.54
2022-11-26,52,6.0,,0.06,3.12
2022-11-27,56,8.0,False,0.08,4.48
2022-11-28,93,8.0,,0.08,7.44
2022-11-29,86,8.0,,0.08,6.88
2022-11-30,100,8.0,,0.08,8.0
2022-12-01,82,8.0,,0.08,6.5600000000000005
2022-12-02,75,8.0,,0.08,6.0
2022-12-03,65,8.0,,0.08,5.2
2022-12-04,71,9.0,False,0.09,6.39
2022-12-05,100,9.0,,0.09,9.0
2022-12-06,97,9.0,,0.09,8.73
2022-12-07,93,9.0,,0.09,8.37
2022-12-08,97,9.0,,0.09,8.73
2022-12-09,86,9.0,,0.09,7.739999999999999
2022-12-10,70,9.0,,0.09,6.3
2022-12-11,71,9.0,False,0.09,6.39
2022-12-12,93,9.0,,0.09,8.37
2022-12-13,90,9.0,,0.09,8.1
2022-12-14,82,9.0,,0.09,7.38
2022-12-15,88,9.0,,0.09,7.92
2022-12-16,93,9.0,,0.09,8.37
2022-12-17,77,9.0,,0.09,6.93
2022-12-18,60,8.0,False,0.08,4.8
2022-12-19,87,8.0,,0.08,6.96
2022-12-20,90,8.0,,0.08,7.2
2022-12-21,91,8.0,,0.08,7.28
2022-12-22,84,8.0,,0.08,6.72
2022-12-23,78,8.0,,0.08,6.24
2022-12-24,55,8.0,,0.08,4.4
2022-12-25,50,7.0,False,0.07,3.5000000000000004
2022-12-26,59,7.0,,0.07,4.130000000000001
2022-12-27,67,7.0,,0.07,4.69
2022-12-28,80,7.0,,0.07,5.6000000000000005
2022-12-29,77,7.0,,0.07,5.390000000000001
2022-12-30,62,7.0,,0.07,4.340000000000001
2022-12-31,45,7.0,,0.07,3.1500000000000004
2023-01-01,87,5.0,False,0.05,4.3500000000000005
2023-01-02,100,5.0,,0.05,5.0
2023-01-03,98,5.0,,0.05,4.9
2023-01-04,85,5.0,,0.05,4.25
2023-01-05,82,5.0,,0.05,4.1000000000000005
2023-01-06,78,5.0,,0.05,3.9000000000000004
2023-01-07,72,5.0,,0.05,3.6
2023-01-08,68,4.0,False,0.04,2.72
2023-01-09,77,4.0,,0.04,3.08
2023-01-10,71,4.0,,0.04,2.84
2023-01-11,62,4.0,,0.04,2.48
2023-01-12,62,4.0,,0.04,2.48
2023-01-13,60,4.0,,0.04,2.4
2023-01-14,58,4.0,,0.04,2.32
2023-01-15,54,3.0,False,0.03,1.6199999999999999
2023-01-16,59,3.0,,0.03,1.77
2023-01-17,59,3.0,,0.03,1.77
2023-01-18,58,3.0,,0.03,1.74
2023-01-19,53,3.0,,0.03,1.5899999999999999
2023-01-20,55,3.0,,0.03,1.65
2023-01-21,50,3.0,,0.03,1.5
2023-01-22,50,3.0,False,0.03,1.5
2023-01-23,55,3.0,,0.03,1.65
2023-01-24,59,3.0,,0.03,1.77
2023-01-25,57,3.0,,0.03,1.71
2023-01-26,55,3.0,,0.03,1.65
2023-01-27,54,3.0,,0.03,1.6199999999999999
2023-01-28,63,3.0,,0.03,1.89
2023-01-29,61,3.0,False,0.03,1.8299999999999998
2023-01-30,68,3.0,,0.03,2.04
2023-01-31,61,3.0,,0.03,1.8299999999999998
2023-02-01,100,3.0,,0.03,3.0
2023-02-02,96,3.0,,0.03,2.88
2023-02-03,98,3.0,,0.03,2.94
2023-02-04,81,3.0,,0.03,2.4299999999999997
2023-02-05,73,3.0,False,0.03,2.19
2023-02-06,94,3.0,,0.03,2.82
2023-02-07,86,3.0,,0.03,2.58
2023-02-08,84,3.0,,0.03,2.52
2023-02-09,90,3.0,,0.03,2.6999999999999997
2023-02-10,81,3.0,,0.03,2.4299999999999997
2023-02-11,74,3.0,,0.03,2.2199999999999998
2023-02-12,72,2.0,False,0.02,1.44
2023-02-13,85,2.0,,0.02,1.7
2023-02-14,84,2.0,,0.02,1.68
2023-02-15,93,2.0,,0.02,1.86
2023-02-16,82,2.0,,0.02,1.6400000000000001
2023-02-17,77,2.0,,0.02,1.54
2023-02-18,81,2.0,,0.02,1.62
2023-02-19,72,3.0,False,0.03,2.16
2023-02-20,90,3.0,,0.03,2.6999999999999997
2023-02-21,86,3.0,,0.03,2.58
2023-02-22,83,3.0,,0.03,2.4899999999999998
2023-02-23,87,3.0,,0.03,2.61
2023-02-24,82,3.0,,0.03,2.46
2023-02-25,73,3.0,,0.03,2.19
2023-02-26,67,2.0,False,0.02,1.34
2023-02-27,84,2.0,,0.02,1.68
2023-02-28,87,2.0,,0.02,1.74
2023-03-01,83,2.0,,0.02,1.6600000000000001
2023-03-02,81,2.0,,0.02,1.62
2023-03-03,75,2.0,,0.02,1.5
2023-03-04,58,2.0,,0.02,1.16
2023-03-05,71,3.0,False,0.03,2.13
2023-03-06,86,3.0,,0.03,2.58
2023-03-07,84,3.0,,0.03,2.52
2023-03-08,84,3.0,,0.03,2.52
2023-03-09,82,3.0,,0.03,2.46
2023-03-10,83,3.0,,0.03,2.4899999999999998
2023-03-11,71,3.0,,0.03,2.13
2023-03-12,80,2.0,False,0.02,1.6
2023-03-13,93,2.0,,0.02,1.86
2023-03-14,86,2.0,,0.02,1.72
2023-03-15,88,2.0,,0.02,1.76
2023-03-16,80,2.0,,0.02,1.6
2023-03-17,81,2.0,,0.02,1.62
2023-03-18,74,2.0,,0.02,1.48
2023-03-19,72,3.0,False,0.03,2.16
2023-03-20,86,3.0,,0.03,2.58
2023-03-21,88,3.0,,0.03,2.6399999999999997
2023-03-22,84,3.0,,0.03,2.52
2023-03-23,79,3.0,,0.03,2.37
2023-03-24,84,3.0,,0.03,2.52
2023-03-25,75,3.0,,0.03,2.25
2023-03-26,71,2.0,False,0.02,1.42
2023-03-27,100,2.0,,0.02,2.0
2023-03-28,93,2.0,,0.02,1.86
2023-03-29,93,2.0,,0.02,1.86
2023-03-30,94,2.0,,0.02,1.8800000000000001
2023-03-31,92,2.0,,0.02,1.84
2023-04-01,86,2.0,,0.02,1.72
2023-04-02,81,3.0,False,0.03,2.4299999999999997
2023-04-03,98,3.0,,0.03,2.94
2023-04-04,98,3.0,,0.03,2.94
2023-04-05,100,3.0,,0.03,3.0
2023-04-06,93,3.0,,0.03,2.79
2023-04-07,89,3.0,,0.03,2.67
2023-04-08,87,3.0,,0.03,2.61
2023-04-09,77,2.0,False,0.02,1.54
2023-04-10,90,2.0,,0.02,1.8
2023-04-11,95,2.0,,0.02,1.9000000000000001
2023-04-12,96,2.0,,0.02,1.92
2023-04-13,86,2.0,,0.02,1.72
2023-04-14,83,2.0,,0.02,1.6600000000000001
2023-04-15,82,2.0,,0.02,1.6400000000000001
2023-04-16,70,2.0,False,0.02,1.4000000000000001
2023-04-17,83,2.0,,0.02,1.6600000000000001
2023-04-18,91,2.0,,0.02,1.82
2023-04-19,89,2.0,,0.02,1.78
2023-04-20,83,2.0,,0.02,1.6600000000000001
2023-04-21,82,2.0,,0.02,1.6400000000000001
2023-04-22,72,2.0,,0.02,1.44
2023-04-23,77,2.0,False,0.02,1.54
2023-04-24,83,2.0,,0.02,1.6600000000000001
2023-04-25,84,2.0,,0.02,1.68
2023-04-26,84,2.0,,0.02,1.68
2023-04-27,81,2.0,,0.02,1.62
2023-04-28,74,2.0,,0.02,1.48
2023-04-29,68,2.0,,0.02,1.36
2023-04-30,59,2.0,False,0.02,1.18
2023-05-01,87,2.0,,0.02,1.74
2023-05-02,100,2.0,,0.02,2.0
2023-05-03,91,2.0,,0.02,1.82
2023-05-04,95,2.0,,0.02,1.9000000000000001
2023-05-05,99,2.0,,0.02,1.98
2023-05-06,81,2.0,,0.02,1.62
2023-05-07,69,2.0,False,0.02,1.3800000000000001
2023-05-08,81,2.0,,0.02,1.62
2023-05-09,90,2.0,,0.02,1.8
2023-05-10,80,2.0,,0.02,1.6
2023-05-11,85,2.0,,0.02,1.7
2023-05-12,75,2.0,,0.02,1.5
2023-05-13,68,2.0,,0.02,1.36
2023-05-14,75,2.0,False,0.02,1.5
2023-05-15,91,2.0,,0.02,1.82
2023-05-16,84,2.0,,0.02,1.68
2023-05-17,74,2.0,,0.02,1.48
2023-05-18,69,2.0,,0.02,1.3800000000000001
2023-05-19,75,2.0,,0.02,1.5
2023-05-20,71,2.0,,0.02,1.42
2023-05-21,70,2.0,False,0.02,1.4000000000000001
2023-05-22,78,2.0,,0.02,1.56
2023-05-23,86,2.0,,0.02,1.72
2023-05-24,82,2.0,,0.02,1.6400000000000001
2023-05-25,84,2.0,,0.02,1.68
2023-05-26,76,2.0,,0.02,1.52
2023-05-27,69,2.0,,0.02,1.3800000000000001
2023-05-28,60,2.0,False,0.02,1.2
2023-05-29,74,2.0,,0.02,1.48
2023-05-30,79,2.0,,0.02,1.58
2023-05-31,81,2.0,,0.02,1.62
2023-06-01,100,2.0,,0.02,2.0
2023-06-02,94,2.0,,0.02,1.8800000000000001
2023-06-03,85,2.0,,0.02,1.7
2023-06-04,88,2.0,False,0.02,1.76
2023-06-05,94,2.0,,0.02,1.8800000000000001
2023-06-06,91,2.0,,0.02,1.82
2023-06-07,88,2.0,,0.02,1.76
2023-06-08,82,2.0,,0.02,1.6400000000000001
2023-06-09,79,2.0,,0.02,1.58
2023-06-10,72,2.0,,0.02,1.44
2023-06-11,73,1.0,False,0.01,0.73
2023-06-12,84,1.0,,0.01,0.84
2023-06-13,72,1.0,,0.01,0.72
2023-06-14,79,1.0,,0.01,0.79
2023-06-15,78,1.0,,0.01,0.78
2023-06-16,73,1.0,,0.01,0.73
2023-06-17,72,1.0,,0.01,0.72
2023-06-18,60,1.0,False,0.01,0.6
2023-06-19,77,1.0,,0.01,0.77
2023-06-20,81,1.0,,0.01,0.81
2023-06-21,74,1.0,,0.01,0.74
2023-06-22,78,1.0,,0.01,0.78
2023-06-23,76,1.0,,0.01,0.76
2023-06-24,59,1.0,,0.01,0.59
2023-06-25,64,1.0,False,0.01,0.64
2023-06-26,72,1.0,,0.01,0.72
2023-06-27,73,1.0,,0.01,0.73
2023-06-28,71,1.0,,0.01,0.71
2023-06-29,67,1.0,,0.01,0.67
2023-06-30,64,1.0,,0.01,0.64
2023-07-01,75,1.0,,0.01,0.75
2023-07-02,94,1.0,False,0.01,0.9400000000000001
2023-07-03,91,1.0,,0.01,0.91
2023-07-04,85,1.0,,0.01,0.85
2023-07-05,93,1.0,,0.01,0.93
2023-07-06,89,1.0,,0.01,0.89
2023-07-07,76,1.0,,0.01,0.76
2023-07-08,77,1.0,,0.01,0.77
2023-07-09,75,1.0,False,0.01,0.75
2023-07-10,89,1.0,,0.01,0.89
2023-07-11,83,1.0,,0.01,0.8300000000000001
2023-07-12,78,1.0,,0.01,0.78
2023-07-13,75,1.0,,0.01,0.75
2023-07-14,71,1.0,,0.01,0.71
2023-07-15,75,1.0,,0.01,0.75
2023-07-16,86,1.0,False,0.01,0.86
2023-07-17,100,1.0,,0.01,1.0
2023-07-18,84,1.0,,0.01,0.84
2023-07-19,91,1.0,,0.01,0.91
2023-07-20,87,1.0,,0.01,0.87
2023-07-21,88,1.0,,0.01,0.88
2023-07-22,71,1.0,,0.01,0.71
2023-07-23,84,1.0,False,0.01,0.84
2023-07-24,80,1.0,,0.01,0.8
2023-07-25,81,1.0,,0.01,0.81
2023-07-26,82,1.0,,0.01,0.8200000000000001
2023-07-27,89,1.0,,0.01,0.89
2023-07-28,89,1.0,,0.01,0.89
2023-07-29,76,1.0,,0.01,0.76
2023-07-30,87,1.0,False,0.01,0.87
2023-07-31,85,1.0,,0.01,0.85
2023-08-01,34,1.0,,0.01,0.34
2023-08-02,35,1.0,,0.01,0.35000000000000003
2023-08-03,35,1.0,,0.01,0.35000000000000003
2023-08-04,42,1.0,,0.01,0.42
2023-08-05,40,1.0,,0.01,0.4
2023-08-06,37,3.0,False,0.03,1.1099999999999999
2023-08-07,42,3.0,,0.03,1.26
2023-08-08,96,3.0,,0.03,2.88
2023-08-09,77,3.0,,0.03,2.31
2023-08-10,100,3.0,,0.03,3.0
2023-08-11,99,3.0,,0.03,2.9699999999999998
2023-08-12,76,3.0,,0.03,2.28
2023-08-13,73,3.0,False,0.03,2.19
2023-08-14,74,3.0,,0.03,2.2199999999999998
2023-08-15,70,3.0,,0.03,2.1
2023-08-16,76,3.0,,0.03,2.28
2023-08-17,79,3.0,,0.03,2.37
2023-08-18,83,3.0,,0.03,2.4899999999999998
2023-08-19,91,3.0,,0.03,2.73
2023-08-20,77,3.0,False,0.03,2.31
2023-08-21,96,3.0,,0.03,2.88
2023-08-22,83,3.0,,0.03,2.4899999999999998
2023-08-23,80,3.0,,0.03,2.4
2023-08-24,72,3.0,,0.03,2.16
2023-08-25,69,3.0,,0.03,2.07
2023-08-26,69,3.0,,0.03,2.07
2023-08-27,71,3.0,False,0.03,2.13
2023-08-28,79,3.0,,0.03,2.37
2023-08-29,81,3.0,,0.03,2.4299999999999997
2023-08-30,80,3.0,,0.03,2.4
2023-08-31,85,3.0,,0.03,2.55
2023-09-01,73,3.0,,0.03,2.19
2023-09-02,69,3.0,,0.03,2.07
2023-09-03,61,3.0,False,0.03,1.8299999999999998
2023-09-04,71,3.0,,0.03,2.13
2023-09-05,78,3.0,,0.03,2.34
2023-09-06,71,3.0,,0.03,2.13
2023-09-07,69,3.0,,0.03,2.07
2023-09-08,64,3.0,,0.03,1.92
2023-09-09,61,3.0,,0.03,1.8299999999999998
2023-09-10,62,4.0,False,0.04,2.48
2023-09-11,77,4.0,,0.04,3.08
2023-09-12,68,4.0,,0.04,2.72
2023-09-13,74,4.0,,0.04,2.96
2023-09-14,72,4.0,,0.04,2.88
2023-09-15,80,4.0,,0.04,3.2
2023-09-16,77,4.0,,0.04,3.08
2023-09-17,83,4.0,False,0.04,3.3200000000000003
2023-09-18,100,4.0,,0.04,4.0
2023-09-19,97,4.0,,0.04,3.88
2023-09-20,89,4.0,,0.04,3.56
2023-09-21,83,4.0,,0.04,3.3200000000000003
2023-09-22,79,4.0,,0.04,3.16
2023-09-23,73,4.0,,0.04,2.92
2023-09-24,69,4.0,False,0.04,2.7600000000000002
2023-09-25,90,4.0,,0.04,3.6
2023-09-26,92,4.0,,0.04,3.68
2023-09-27,81,4.0,,0.04,3.24
2023-09-28,84,4.0,,0.04,3.36
2023-09-29,79,4.0,,0.04,3.16
2023-09-30,69,4.0,,0.04,2.7600000000000002
